671.3171  762.1436  0
588.3026  746.6152  0
609.0563  712.8732  0
619.4575  647.9744  0
692.1196  611.6434  0
863.3735  673.953  0
876.3619  806.2889  0
816.6412  840.0309  0
782.8973  754.3804  0
795.8876  583.1265  0
850.3832  541.5704  0
718.0493  510.4644  0
616.8195  546.7954  0
559.7349  585.7135  0
554.5587  697.2957  0
570.1361  782.8972  0
619.4575  840.0308  0
673.9531  886.7142  0
707.6481  917.8691  0
749.2042  917.8691  0
723.2256  749.2042  0
710.2841  647.9744  0
679.1292  689.4816  0
756.9675  705.0591  0
741.39  596.0659  0
790.7115  660.9648  0
845.207  616.8195  0
852.9723  725.8126  0
741.3901  860.7844  0
603.8801  416.9998  1
673.953  411.8236  1
741.39  422.2249  1
806.2889  455.9689  1
860.7844  453.3308  1
876.3619  411.8236  1
855.5594  326.1732  1
808.876  271.6756  1
777.7212  274.3137  1
806.2889  333.9854  1
840.0309  383.3068  1
891.8904  476.7224  1
894.5283  546.7954  1
907.4678  603.8801  1
928.2214  660.9648  1
949.024  710.2841  1
954.2002  725.8127  1
951.6131  663.5518  1
930.8594  603.8801  1
941.2119  536.3943  1
967.1904  590.8897  1
982.7189  653.1505  1
982.719  720.6365  1
923.0453  523.4058  1
928.2215  471.4974  1
959.3765  533.8052  1
954.2003  432.5773  1
910.057  308.0067  1
904.8807  191.2503  1
904.8808  157.5064  1
938.6226  147.154  1
954.2002  110.8229  1
917.8691  100.4216  1
840.0308  126.4004  1
829.6296  191.2503  1
863.3735  276.9008  1
923.0453  258.7362  1
946.3881  367.7293  1
959.3765  292.4781  1
702.4719  310.6446  1
673.9531  349.5627  1
622.0446  318.408  1
647.9744  193.8373  1
637.622  271.6756  1
590.8897  289.8422  1
743.9792  219.8161  1
692.1196  165.3205  1
655.7886  123.7644  1
803.6998  95.24545  1
767.3688  162.7314  1
725.8126  97.83469  1
946.3879  79.668  1
785.5353  367.7293  1
712.8732  269.0886  1
647.9744  481.8987  1
593.4788  481.8987  1
756.9675  500.0631  1
806.2889  505.2393  1
710.2841  466.3212  1
564.9599  453.3308  1
533.8051  494.8869  1
500.0631  546.7954  1
492.2999  564.9599  1
492.2999  484.4857  1
497.4761  424.814  1
497.4761  388.483  1
502.6523  359.9151  1
520.8168  378.0817  1
546.7954  429.9902  1
557.1478  357.3281  1
515.6406  302.8305  1
424.814  256.1471  1
528.6289  248.335  1
554.5587  240.5697  1
572.7252  204.2386  1
528.6289  167.9076  1
484.4857  160.0954  1
492.2999  131.5765  1
585.7136  105.5979  1
606.4672  110.823  1
583.1265  193.8374  1
313.2318  339.1615  2
219.816  385.8938  2
282.0769  435.1664  2
362.5042  411.8236  2
383.3068  385.8938  2
391.07  370.3164  2
378.0817  336.5745  2
367.7294  284.666  2
388.4829  186.0741  2
437.8023  162.7314  2
450.7438  103.0107  2
398.8353  87.43335  2
310.6447  82.25717  2
435.1664  396.2462  2
435.1664  424.814  2
453.3308  497.4761  2
445.5676  551.9716  2
442.9785  562.324  2
435.1664  320.9971  2
453.3308  279.4898  2
458.5559  219.8161  2
414.4127  193.8374  2
232.7576  178.2599  2
167.9076  193.8374  2
173.0837  271.6756  2
193.8373  297.6543  2
284.666  266.4995  2
279.4897  230.1684  2
209.4148  212.0039  2
393.6591  258.7362  2
302.8304  178.2599  2
248.335  144.5669  2
235.3446  97.83463  2
157.5063  84.8443  2
160.0954  170.4966  2
110.8229  206.8277  2
103.0107  263.9124  2
105.5978  396.2462  2
134.1656  474.1333  2
261.3233  518.2297  2
328.8092  536.3942  2
365.1402  525.9929  2
393.6591  489.6619  2
393.6591  487.0748  2
175.6729  445.5676  2
167.9076  427.4011  2
175.6729  362.5043  2
152.3302  292.4782  2
90.06924  276.9007  2
43.33716  323.5842  2
43.3371  367.7294  2
61.50354  398.8353  2
43.33707  471.4974  2
48.51321  305.4197  2
123.7644  344.3377  2
71.90482  352.1519  2
64.09064  191.2503  2
51.10229  162.7314  2
51.10236  279.4898  2
66.67981  134.1657  2
108.2359  152.3302  2
64.09064  84.84427  2
440.3914  87.43329  2
515.6406  77.08093  2
596.0659  79.66803  2
671.3171  79.66809  2
567.5491  61.5036  2
419.6378  43.33701  2
282.0769  58.91446  2
212.0039  58.91443  2
141.9289  56.32733  2
108.2358  56.32733  2
219.8161  476.7225  2
295.0673  484.4857  2
352.1519  468.9083  2
284.666  380.6688  2
245.7458  320.997  2
240.5697  256.1471  2
271.6756  230.1684  2
315.8208  518.2297  2
222.4052  445.5676  2
214.591  429.9901  2
58.91443  432.5773  2
105.5979  448.1547  2
105.5978  453.3308  2
144.5668  528.6289  2
385.8938  702.4719  3
357.3281  733.6268  3
266.4995  780.3102  3
219.816  834.8058  3
196.4265  681.7184  3
162.7314  658.3755  3
134.1656  642.7982  3
121.1753  803.6998  3
196.4265  845.207  3
549.3825  814.0521  3
458.5559  871.1368  3
536.3942  899.7046  3
588.3027  917.8691  3
619.4575  917.8692  3
632.397  917.8691  3
570.1361  863.3735  3
497.4761  814.0522  3
518.2297  772.5449  3
507.8284  697.2958  3
487.0748  647.9744  3
463.7321  619.4575  3
450.7438  609.0562  3
546.7954  634.986  3
551.9716  637.622  3
500.0631  609.0563  3
419.6378  596.0659  3
346.9757  577.9014  3
308.0067  564.9599  3
248.335  562.324  3
175.6729  559.7349  3
108.2359  559.7349  3
74.49197  554.5587  3
45.92609  606.4671  3
45.92615  699.8829  3
51.10226  743.9792  3
58.91437  816.6413  3
48.51321  881.5381  3
32.93573  925.6344  3
7.006012  842.62  3
19.99631  832.2187  3
30.34869  785.5353  3
19.99631  751.7913  3
19.99631  699.8829  3
19.99637  663.5518  3
19.99631  603.8801  3
25.17252  570.1361  3
38.16089  549.3824  3
118.5882  590.8897  3
131.5765  598.655  3
100.4216  640.2111  3
95.24545  707.6481  3
154.9193  764.7816  3
206.8277  780.3102  3
243.1588  707.6481  3
204.2386  627.2208  3
224.9922  609.0563  3
297.6544  634.9861  3
284.666  663.5518  3
274.3137  663.5518  3
308.0067  609.0563  3
352.1519  637.622  3
362.5042  686.8945  3
448.1546  751.7913  3
406.6475  655.7886  3
435.1664  731.0377  3
349.5627  886.7142  3
305.4196  907.4679  3
445.5676  930.8595  3
523.4058  930.8595  3
523.4058  920.4583  3
409.2365  860.7844  3
378.0817  847.7963  3
336.5745  780.3102  3
404.0604  788.1224  3
414.4127  798.4747  3
326.1733  837.3949  3
282.0769  847.7962  3
201.6515  891.8904  3
152.3302  925.6344  3
118.5883  868.5497  3
154.9193  777.7211  3
165.3204  733.6268  3
141.9288  705.0591  3
134.1656  720.6364  3
100.4216  832.2186  3
87.43338  936.0358  3
110.8229  938.6227  3
318.408  928.2214  3
385.8938  923.0452  3
445.5676  923.0453  3
458.5559  904.8808  3
336.5745  912.693  3
175.6728  915.282  3
230.1684  938.6227  3
284.666  876.3619  3
305.4197  764.7816  3
315.8209  720.6365  3
323.5841  660.9648  3
212.0039  575.3123  3
71.90485  541.5704  3
66.67975  541.5703  3
427.401  702.4719  3
429.9902  645.3873  3
406.6475  629.8099  3
531.218  712.8732  3
308.0067  710.2841  3
230.1684  793.2986  3
95.24551  881.5381  3
484.4857  863.3735  3
458.5559  803.6998  3
445.5676  793.2985  3
461.145  850.3832  3
414.4127  842.62  3
523.4058  868.5497  3
266.4995  686.8945  3
237.9826  663.5518  3
178.2599  736.2139  3
219.8161  785.5353  3
214.591  764.7817  3
147.154  868.5498  3
180.8979  777.7212  3
201.6516  723.2256  3
